3681748
3715155
4597830
6139889
8877434
1756761
2168038
8959899
3766327
9138252
5110742
3655079
9483889
9282135
9577542
7491958
8373617
1000472
1456857
1321571
1544011
7697570
4800986
6304117
9281493
7798606
8821845
7415426
3533310
3343164
1954658
4624474
9008051
7057338
1538607
2709994
5368323
2944511
5504662
2244423
9671363
4693678
8057004
5473796
7017203
4085602
5405277
3378756
4764905
4392522
3743338
8382317
2959911
4650669
5208920
8791652
4449295
3933310
3766428
1231270
4418710
7695545
4451209
8820291
6257940
6436586
5064618
7961206
5297313
2274643
5343976
3089046
9295898
3422592
3693206
4359600
3198017
4003748
4632525
2658285
2227117
2906720
7728366
1809556
1128707
8275793
6830616
8389006
8135398
7311394
9979492
9329755
4901066
2789024
1494522
7725674
5900282
9041689
2039064
7959043
3324403
5954255
8915998
4473942
6179350
8467855
7205292
4089177
6834224
8614418
3324129
1182473
4825505
6723507
2125687
3704942
7466415
5213902
8704021
6258807
3260852
4554310
4109102
5131269
2201905
9471086
3610346
4493214
9365732
4115171
7400782
9777830
1522180
3333155
9650095
1682453
3840948
4103828
9845320
1352657
5437738
1973144
6466625
3663304
5419493
6295050
8032845
2130665
3202753
6576066
6408351
8087108
8199158
4112595
7511175
9040261
4721851
2472422
6688474
9087251
5302517
4198065
7813430
4835898
7727098
7055938
3425813
8502065
1982627
7156670
7785540
7013008
2440249
3924564
9222872
2873244
8498391
6977485
9340991
9110682
6435651
6517189
7075071
5263041
4019914
9373785
6071529
1121657
6694071
8757442
6846962
6170796
8606005
5102878
6374198
3146981
1469799
9660170
1921023
2731600
9688469
8333123
9171858
9997883
8631507
5223898
9775684
6306628
1219024
7273672
2164571
2576547
4302131
2904512
4682483
3635810
4719957
2320928
2611754
8212315
6306438
7312776
7236788
3785415
1834243
2255847
7173210
7985890
1565367
6317831
3995774
5880307
8989119
1184964
5952875
1566962
8471071
8885379
2008641
7234329
5233364
9238352
1550187
4297678
1912744
5693678
9472779
7283369
9234430
4784969
7505923
5135633
1369871
1123591
4065101
3853320
2603201
8119270
1546533
9136488
1787476
7873120
1251747
5479106
9234585
6764573
5675784
3921833
5592183
7229242
2129601
1173301
9601910
4996880
3142433
9381425
7012521
1975080
5564411
1532812
3829257
9598947
5254630
6675623
2104666
9380996
8298783
2076368
3762567
3391212
4632941
9917973
6325238
5000056
5189928
9193761
9300090
9859408
5814641
6053546
8780701
4598241
5961668
7972786
9007847
5502605
2771891
7154606
6862018
5618590
6438406
1077242
8032838
9695182
5117746
4086573
4215126
8508205
5621712
9840417
2632654
8639682
7760225
1828918
8259740
5326162
9325909
6291563
1206446
6949559
8698020
8266468
2542147
5493845
7002257
6678293
7106208
9369378
6211167
8256857
8534939
1086213
7552392
6496815
9927816
5113240
3441027
3808392
2765320
4838447
5907169
6049586
9000863
4695243
8109084
7894771
7205869
4835684
2607867
2574943
1711581
4815755
2070062
5906277
8431610
1454563
8749302
3318980
8605918
1842264
5668626
6337428
5722757
4611270
6344545
8186263
4885165
3253314
2993881
5298484
2716400
5776720
4700221
8835691
4643426
1595147
2699821
2156590
1707789
7371388
1242200
3018020
6052817
4631039
2985597
7638817
7450830
3027143
2655901
2216699
3726697
5182487
7661060
4174254
3106705
4383785
6820342
1615065
2324989
4038837
8259612
3458057
5703460
5696989
6940583
1990641
6337603
9663040
1257105
3537269
7978176
5906569
6009121
1043832
9236049
5780917
8775200
4481470
7323015
9961854
7399342
2149958
7674476
2992342
3802226
8219866
7816384
6415339
8706582
8634215
9389461
1609978
1418286
7720952
2693790
2896084
3725358
7608840
7876763
6706486
1935789
8331742
9278515
7883470
9015919
7564547
1570239
5339530
4661761
8423104
9597569
8758040
2026010
6656965
6474419
2086334
4011816
6413260
6519217
8209547
2860536
5423574
8355495
6593602
9759551
4986265
1530381
6577533
6184845
9088284
6972257
5413737
2211565
2871860
8808971
9787910
2660780
3214266
7709573
4676200
8059734
9989880
8714996
7656235
8484675
3688933
9994819
6650022
1864621
1249564
9209356
9008923
7651106
4475805
4495900
5124716
2934353
2210335
6905412
3688131
3704092
2040129
5822867
8464880
6634276
4698676
6359123
9670914
7397602
5881267
9257351
3898473
8650097
7287870
7241575
9440014
3410884
9269177
9158654
6555132
9688297
6909126
9598588
1149903
4729346
1484021
6604042
7048463
1934394
1665463
9688931
6467935
3546370
4306727
3880820
2878413
2118312
3940722
1831520
6777688
4863218
5174932
6791322
1387512
3512619
5802203
3987343
7699763
9089786
7625466
2954043
5972668
7603906
9357453
9408349
8026868
4517392
5364481
6112522
2355617
8433905
6570516
7805852
4306293
6624506
7755368
4613029
3092250
5519809
7125917
3124818
8033453
4638784
7188926
5386490
7014486
2016745
8806199
5031839
1838628
9832173
6029186
3626214
2767336
5928881
3170664
6702851
5787871
8356534
6026202
2747286
5086828
3065177
3869583
6501282
9624123
9105770
7376008
3986969
9704721
3851769
1442252
9645293
4500663
3208468
3221906
2518680
3702557
1481845
2704872
3739083
3160657
5349125
7422437
2856190
6973675
1459545
7485775
9242247
1975045
6177876
1019920
1450919
2856966
2187026
8956581
7346502
2596470
4754038
6569835
3413190
5572327
8062944
4185418
5776766
5104399
5832221
6678892
7688536
4794779
2879756
6654219
2188381
7761716
9290669
9618477
7355435
1721413
4406061
5034406
2672852
3798231
8326732
8177295
6487560
6204882
1566062
9208087
4811678
1851087
1091475
3279287
1922499
1212699
9169515
1946094
5712687
9175948
2558216
7441146
8306339
2725043
9595088
7621683
5763784
4825615
1459977
5322960
2030208
7993200
5380781
2241950
1068428
1411438
3245816
9855899
2771890
8352281
9439078
4384185
6990664
2909327
2083766
9986233
3217655
8625909
3316855
4955332
7171985
6920160
2465901
7919266
5389070
9260217
1760015
7698410
1716648
7838970
5697406
5956290
1709564
4605418
6770506
2872085
6015282
3630954
8424985
7978526
5679442
5632945
5097729
1466577
7247892
4736532
5915899
2488364
6238065
5668355
2594551
5627747
9159278
8933585
7289265
7555972
9580506
7490111
9709868
8905129
7899726
6562400
5572354
8929323
1545188
2598985
2726787
4213415
5421624
1063098
4720543
4993346
9422259
7382673
8400126
1846868
6321456
5450307
6136134
5258765
8004197
8828491
2798176
3993924
8723476
6521334
3461764
9078488
7947987
2701469
6616970
6131481
2394254
2207461
8759870
5181517
9713415
9647098
2964853
4136315
8950567
6936808
5556563
3287324
2761441
7365871
8014341
1159387
4140511
4211173
2193907
7131336
2251493
3873152
7654613
4439966
6249443
4716823
2566960
2681184
1158089
7388823
9548508
6525969
4398274
9221705
7719208
8652061
7003600
2831659
4646628
2892339
9409445
8056617
8343067
6998017
2704925
5256713
5919617
6484645
5110701
2925027
4835580
7954160
4956133
5304156
5774084
9891315
3286689
3049787
5057446
4275160
1806418
6229648
7442101
6172644
7434374
2498558
3359144
9891046
6670219
5814407
9224042
5201527
2343529
6291552
5809469
9982264
4437385
4845065
8217259
6058462
8579280
8243494
3010144
1844560
7745813
9974906
8739849
5816128
3505865
2694389
5116700
9352166
2158262
6250434
3421418
1046990
2473259
2533750
5861345
8892985
2472999
2216262
5248362
7746556
5291568
6221738
8790273
6967634
2146173
3702540
1379383
9576302
1033438
2038105
6423549
2679497
6030600
8418873
5216753
6962848
6977607
2394599
9868357
2857774
7883004
8821307
9010529
7780830
4337545
4155554
7450458
3640729
4618912
9430161
4414184
9241675
9225991
4809066
8811235
4937525
4273981
8965096
8435376
6149378
9780247
7270660
4047003
2706806
3109426
8500824
6611177
2733118
2215283
5987575
7289442
9221543
6038497
9829237
9187708
9630446
9218989
4637844
8182754
5514490
1960682
6167700
6788781
8615775
1072078
4542244
1615093
1698271
7375490
1044830
8944260
9188268
1291234
5465525
7117170
6643036
9794674
6390996
2991054
8164847
4699748
8588524
2764571
2773192
4161737
1441995
4778585
5988039
6422763
6909862
5556549
3279828
4055061
3695362
8150303
3432850
9081379
5936965
4518262
4121787
1393340
1248123
8843187
4875992
2015142
7981414
1912878
9183257
6743231
6398944
8286091
4983809
1556314
4073103
3583013
5275344
